1000 999 0
999 998 5400
998 997 10800
997 996 16200
996 995 21600
995 994 27000
994 993 32400
993 992 37800
992 991 43200
991 990 48600
990 989 54000
989 988 59400
988 987 64800
987 986 70200
986 985 75600
985 984 82802
984 983 86400
983 982 90001
982 981 97200
981 980 102600
980 979 108000
979 978 113400
978 977 118800
977 976 124200
976 975 129600
975 974 135000
974 973 140400
973 972 145800
972 971 151200
971 970 156600
970 969 162000
969 968 167400
968 967 172800
967 966 178200
966 965 183600
965 964 189000
964 963 194400
963 962 199800
962 961 205200
961 960 210600
960 959 216000
959 958 221400
958 957 226800
957 956 232200
956 955 237600
955 954 243000
954 953 248400
953 952 253800
952 951 259200
951 950 264600
950 949 270000
949 948 275400
948 947 280800
947 946 286200
946 945 291600
945 944 297000
944 943 302400
943 942 307800
942 941 313200
941 940 318600
940 939 324000
939 938 329400
938 937 334800
937 936 340200
936 935 345600
935 934 351000
934 933 356400
933 932 361800
932 931 367200
931 930 372600
930 929 378000
929 928 383400
928 927 388800
927 926 394200
926 925 399600
925 924 405000
924 923 410400
923 922 415800
922 921 421200
921 920 426600
920 919 432000
919 918 437400
918 917 442800
917 916 448200
916 915 453600
915 914 459000
914 913 464400
913 912 469800
912 911 475200
911 910 480600
910 909 486000
909 908 491400
908 907 496800
907 906 502200
906 905 507600
905 904 513000
904 903 518400
903 902 523800
902 901 529200
901 900 534600
900 899 540000
899 898 545400
898 897 550800
897 896 556200
896 895 561600
895 894 567000
894 893 572400
893 892 577800
892 891 583200
891 890 588600
890 889 594000
889 888 599400
888 887 604800
887 886 610200
886 885 615600
885 884 621000
884 883 626400
883 882 631800
882 881 637200
881 880 642600
880 879 648000
879 878 653400
878 877 658800
877 876 664200
876 875 669600
875 874 675000
874 873 680400
873 872 685800
872 871 691200
871 870 696600
870 869 702000
869 868 707400
868 867 712800
867 866 718200
866 865 723600
865 864 729000
864 863 734400
863 862 739800
862 861 745200
861 860 750600
860 859 756000
859 858 761400
858 857 766800
857 856 772200
856 855 777600
855 854 783000
854 853 788400
853 852 793800
852 851 799200
851 850 804600
850 849 810000
849 848 815400
848 847 820800
847 846 826200
846 845 831600
845 844 837000
844 843 842400
843 842 847800
842 841 853200
841 840 858600
840 839 864000
839 838 869400
838 837 874800
837 836 880200
836 835 885600
835 834 891000
834 833 896400
833 832 901800
832 831 907200
831 830 912600
830 829 918000
829 828 923400
828 827 928800
827 826 934200
826 825 939600
825 824 945000
824 823 950400
823 822 955800
822 821 961200
821 820 966600
820 819 972000
819 818 977400
818 817 982800
817 816 988200
816 815 993600
815 814 999000
814 813 1004400
813 812 1009800
812 811 1015200
811 810 1020600
810 809 1026000
809 808 1031400
808 807 1036800
807 806 1042200
806 805 1047600
805 804 1053000
804 803 1058400
803 802 1063800
802 801 1069200
801 800 1074600
800 799 1080000
799 798 1085400
798 797 1090800
797 796 1096200
796 795 1101600
795 794 1107000
794 793 1112400
793 792 1117800
792 791 1123200
791 790 1128600
790 789 1134000
789 788 1139400
788 787 1144800
787 786 1150200
786 785 1155600
785 784 1161000
784 783 1166400
783 782 1171800
782 781 1177200
781 780 1182600
780 779 1188000
779 778 1193400
778 777 1198800
777 776 1204200
776 775 1209600
775 774 1215000
774 773 1220400
773 772 1225800
772 771 1231200
771 770 1236600
770 769 1242000
769 768 1247400
768 767 1252800
767 766 1258200
766 765 1263600
765 764 1269000
764 763 1274400
763 762 1279800
762 761 1285200
761 760 1290600
760 759 1296000
759 758 1301400
758 757 1306800
757 756 1312200
756 755 1317600
755 754 1323000
754 753 1328400
753 752 1333800
752 751 1339200
751 750 1344600
750 749 1350000
749 748 1355400
748 747 1360800
747 746 1366200
746 745 1371600
745 744 1377000
744 743 1382400
743 742 1387800
742 741 1393200
741 740 1398600
740 739 1404000
739 738 1409400
738 737 1414800
737 736 1420200
736 735 1425600
735 734 1431000
734 733 1436400
733 732 1441800
732 731 1447200
731 730 1452600
730 729 1458000
729 728 1463400
728 727 1468800
727 726 1474200
726 725 1479600
725 724 1485000
724 723 1490400
723 722 1495800
722 721 1501200
721 720 1506600
720 719 1512000
719 718 1517400
718 717 1522800
717 716 1528200
716 715 1533600
715 714 1539000
714 713 1544400
713 712 1549800
712 711 1555200
711 710 1560600
710 709 1566000
709 708 1571400
708 707 1576800
707 706 1582200
706 705 1587600
705 704 1593000
704 703 1598400
703 702 1603800
702 701 1609200
701 700 1614600
700 699 1620000
699 698 1625400
698 697 1630800
697 696 1636200
696 695 1641600
695 694 1647000
694 693 1652400
693 692 1657800
692 691 1663200
691 690 1668600
690 689 1674000
689 688 1679400
688 687 1684800
687 686 1690200
686 685 1695600
685 684 1701000
684 683 1706400
683 682 1711800
682 681 1717200
681 680 1722600
680 679 1728000
679 678 1733400
678 677 1738800
677 676 1744200
676 675 1749600
675 674 1755000
674 673 1760400
673 672 1765800
672 671 1771200
671 670 1776600
670 669 1782000
669 668 1787400
668 667 1792800
667 666 1798200
666 665 1803600
665 664 1809000
664 663 1814400
663 662 1819800
662 661 1825200
661 660 1830600
660 659 1836000
659 658 1841400
658 657 1846800
657 656 1852200
656 655 1857600
655 654 1863000
654 653 1868400
653 652 1873800
652 651 1879200
651 650 1884600
650 649 1890000
649 648 1895400
648 647 1900800
647 646 1906200
646 645 1911600
645 644 1917000
644 643 1922400
643 642 1927800
642 641 1933200
641 640 1938600
640 639 1944000
639 638 1949400
638 637 1954800
637 636 1960200
636 635 1965600
635 634 1971000
634 633 1976400
633 632 1981800
632 631 1987200
631 630 1992600
630 629 1998000
629 628 2003400
628 627 2008800
627 626 2014200
626 625 2019600
625 624 2025000
624 623 2030400
623 622 2035800
622 621 2041200
621 620 2046600
620 619 2052000
619 618 2057400
618 617 2062800
617 616 2068200
616 615 2073600
615 614 2079000
614 613 2084400
613 612 2089800
612 611 2095200
611 610 2100600
610 609 2106000
609 608 2111400
608 607 2116800
607 606 2122200
606 605 2127600
605 604 2133000
604 603 2138400
603 602 2143800
602 601 2149200
601 600 2154600
600 599 2160000
599 598 2165400
598 597 2170800
597 596 2176200
596 595 2181600
595 594 2187000
594 593 2192400
593 592 2197800
592 591 2203200
591 590 2208600
590 589 2214000
589 588 2219400
588 587 2224800
587 586 2230200
586 585 2235600
585 584 2241000
584 583 2246400
583 582 2251800
582 581 2257200
581 580 2262600
580 579 2268000
579 578 2273400
578 577 2278800
577 576 2284200
576 575 2289600
575 574 2295000
574 573 2300400
573 572 2305800
572 571 2311200
571 570 2316600
570 569 2322000
569 568 2327400
568 567 2332800
567 566 2338200
566 565 2343600
565 564 2349000
564 563 2354400
563 562 2359800
562 561 2365200
561 560 2370600
560 559 2376000
559 558 2381400
558 557 2386800
557 556 2392200
556 555 2397600
555 554 2403000
554 553 2408400
553 552 2413800
552 551 2419200
551 550 2424600
550 549 2430000
549 548 2435400
548 547 2440800
547 546 2446200
546 545 2451600
545 544 2457000
544 543 2462400
543 542 2467800
542 541 2473200
541 540 2478600
540 539 2484000
539 538 2489400
538 537 2494800
537 536 2500200
536 535 2505600
535 534 2511000
534 533 2516400
533 532 2521800
532 531 2527200
531 530 2532600
530 529 2538000
529 528 2543400
528 527 2548800
527 526 2554200
526 525 2559600
525 524 2565000
524 523 2570400
523 522 2575800
522 521 2581200
521 520 2586600
520 519 2592000
519 518 2597400
518 517 2602800
517 516 2608200
516 515 2613600
515 514 2619000
514 513 2624400
513 512 2629800
512 511 2635200
511 510 2640600
510 509 2646000
509 508 2651400
508 507 2656800
507 506 2662200
506 505 2667600
505 504 2673000
504 503 2678400
503 502 2683800
502 501 2689200
501 500 2694600
500 499 2700000
499 498 2705400
498 497 2710800
497 496 2716200
496 495 2721600
495 494 2727000
494 493 2732400
493 492 2737800
492 491 2743200
491 490 2748600
490 489 2754000
489 488 2759400
488 487 2764800
487 486 2770200
486 485 2775600
485 484 2781000
484 483 2786400
483 482 2791800
482 481 2797200
481 480 2802600
480 479 2808000
479 478 2813400
478 477 2818800
477 476 2824200
476 475 2829600
475 474 2835000
474 473 2840400
473 472 2845800
472 471 2851200
471 470 2856600
470 469 2862000
469 468 2867400
468 467 2872800
467 466 2878200
466 465 2883600
465 464 2889000
464 463 2894400
463 462 2899800
462 461 2905200
461 460 2910600
460 459 2916000
459 458 2921400
458 457 2926800
457 456 2932200
456 455 2937600
455 454 2943000
454 453 2948400
453 452 2953800
452 451 2959200
451 450 2964600
450 449 2970000
449 448 2975400
448 447 2980800
447 446 2986200
446 445 2991600
445 444 2997000
444 443 3002400
443 442 3007800
442 441 3013200
441 440 3018600
440 439 3024000
439 438 3029400
438 437 3034800
437 436 3040200
436 435 3045600
435 434 3051000
434 433 3056400
433 432 3061800
432 431 3067200
431 430 3072600
430 429 3078000
429 428 3083400
428 427 3088800
427 426 3094200
426 425 3099600
425 424 3105000
424 423 3110400
423 422 3115800
422 421 3121200
421 420 3126600
420 419 3132000
419 418 3137400
418 417 3142800
417 416 3148200
416 415 3153600
415 414 3159000
414 413 3164400
413 412 3169800
412 411 3175200
411 410 3180600
410 409 3186000
409 408 3191400
408 407 3196800
407 406 3202200
406 405 3207600
405 404 3213000
404 403 3218400
403 402 3223800
402 401 3229200
401 400 3234600
400 399 3240000
399 398 3245400
398 397 3250800
397 396 3256200
396 395 3261600
395 394 3267000
394 393 3272400
393 392 3277800
392 391 3283200
391 390 3288600
390 389 3294000
389 388 3299400
388 387 3304800
387 386 3310200
386 385 3315600
385 384 3321000
384 383 3326400
383 382 3331800
382 381 3337200
381 380 3342600
380 379 3348000
379 378 3353400
378 377 3358800
377 376 3364200
376 375 3369600
375 374 3375000
374 373 3380400
373 372 3385800
372 371 3391200
371 370 3396600
370 369 3402000
369 368 3407400
368 367 3412800
367 366 3418200
366 365 3423600
365 364 3429000
364 363 3434400
363 362 3439800
362 361 3445200
361 360 3450600
360 359 3456000
359 358 3461400
358 357 3466800
357 356 3472200
356 355 3477600
355 354 3483000
354 353 3488400
353 352 3493800
352 351 3499200
351 350 3504600
350 349 3510000
349 348 3515400
348 347 3520800
347 346 3526200
346 345 3531600
345 344 3537000
344 343 3542400
343 342 3547800
342 341 3553200
341 340 3558600
340 339 3564000
339 338 3569400
338 337 3574800
337 336 3580200
336 335 3585600
335 334 3591000
334 333 3596400
333 332 3601800
332 331 3607200
331 330 3612600
330 329 3618000
329 328 3623400
328 327 3628800
327 326 3634200
326 325 3639600
325 324 3645000
324 323 3650400
323 322 3655800
322 321 3661200
321 320 3666600
320 319 3672000
319 318 3677400
318 317 3682800
317 316 3688200
316 315 3693600
315 314 3699000
314 313 3704400
313 312 3709800
312 311 3715200
311 310 3720600
310 309 3726000
309 308 3731400
308 307 3736800
307 306 3742200
306 305 3747600
305 304 3753000
304 303 3758400
303 302 3763800
302 301 3769200
301 300 3774600
300 299 3780000
299 298 3785400
298 297 3790800
297 296 3796200
296 295 3801600
295 294 3807000
294 293 3812400
293 292 3817800
292 291 3823200
291 290 3828600
290 289 3834000
289 288 3839400
288 287 3844800
287 286 3850200
286 285 3855600
285 284 3861000
284 283 3866400
283 282 3871800
282 281 3877200
281 280 3882600
280 279 3888000
279 278 3893400
278 277 3898800
277 276 3904200
276 275 3909600
275 274 3915000
274 273 3920400
273 272 3925800
272 271 3931200
271 270 3936600
270 269 3942000
269 268 3947400
268 267 3952800
267 266 3958200
266 265 3963600
265 264 3969000
264 263 3974400
263 262 3979800
262 261 3985200
261 260 3990600
260 259 3996000
259 258 4001400
258 257 4006800
257 256 4012200
256 255 4017600
255 254 4023000
254 253 4028400
253 252 4033800
252 251 4039200
251 250 4044600
250 249 4050000
249 248 4055400
248 247 4060800
247 246 4066200
246 245 4071600
245 244 4077000
244 243 4082400
243 242 4087800
242 241 4093200
241 240 4098600
240 239 4104000
239 238 4109400
238 237 4114800
237 236 4120200
236 235 4125600
235 234 4131000
234 233 4136400
233 232 4141800
232 231 4147200
231 230 4152600
230 229 4158000
229 228 4163400
228 227 4168800
227 226 4174200
226 225 4179600
225 224 4185000
224 223 4190400
223 222 4195800
222 221 4201200
221 220 4206600
220 219 4212000
219 218 4217400
218 217 4222800
217 216 4228200
216 215 4233600
215 214 4239000
214 213 4244400
213 212 4249800
212 211 4255200
211 210 4260600
210 209 4266000
209 208 4271400
208 207 4276800
207 206 4282200
206 205 4287600
205 204 4293000
204 203 4298400
203 202 4303800
202 201 4309200
201 200 4314600
200 199 4320000
199 198 4325400
198 197 4330800
197 196 4336200
196 195 4341600
195 194 4347000
194 193 4352400
193 192 4357800
192 191 4363200
191 190 4368600
190 189 4374000
189 188 4379400
188 187 4384800
187 186 4390200
186 185 4395600
185 184 4401000
184 183 4406400
183 182 4411800
182 181 4417200
181 180 4422600
180 179 4428000
179 178 4433400
178 177 4438800
177 176 4444200
176 175 4449600
175 174 4455000
174 173 4460400
173 172 4465800
172 171 4471200
171 170 4476600
170 169 4482000
169 168 4487400
168 167 4492800
167 166 4498200
166 165 4503600
165 164 4509000
164 163 4514400
163 162 4519800
162 161 4525200
161 160 4530600
160 159 4536000
159 158 4541400
158 157 4546800
157 156 4552200
156 155 4557600
155 154 4563000
154 153 4568400
153 152 4573800
152 151 4579200
151 150 4584600
150 149 4590000
149 148 4595400
148 147 4600800
147 146 4606200
146 145 4611600
145 144 4617000
144 143 4622400
143 142 4627800
142 141 4633200
141 140 4638600
140 139 4644000
139 138 4649400
138 137 4654800
137 136 4660200
136 135 4665600
135 134 4671000
134 133 4676400
133 132 4681800
132 131 4687200
131 130 4692600
130 129 4698000
129 128 4703400
128 127 4708800
127 126 4714200
126 125 4719600
125 124 4725000
124 123 4730400
123 122 4735800
122 121 4741200
121 120 4746600
120 119 4752000
119 118 4757400
118 117 4762800
117 116 4768200
116 115 4773600
115 114 4779000
114 113 4784400
113 112 4789800
112 111 4795200
111 110 4800600
110 109 4806000
109 108 4811400
108 107 4816800
107 106 4822200
106 105 4827600
105 104 4833000
104 103 4838400
103 102 4843800
102 101 4849200
101 100 4854600
100 99 4860000
99 98 4865400
98 97 4870800
97 96 4876200
96 95 4881600
95 94 4887000
94 93 4892400
93 92 4897800
92 91 4903200
91 90 4908600
90 89 4914000
89 88 4919400
88 87 4924800
87 86 4930200
86 85 4935600
85 84 4941000
84 83 4946400
83 82 4951800
82 81 4957200
81 80 4962600
80 79 4968000
79 78 4973400
78 77 4978800
77 76 4984200
76 75 4989600
75 74 4995000
74 73 5000400
73 72 5005800
72 71 5011200
71 70 5016600
70 69 5022000
69 68 5027400
68 67 5032800
67 66 5038200
66 65 5043600
65 64 5049000
64 63 5054400
63 62 5059800
62 61 5065200
61 60 5070600
60 59 5076000
59 58 5081400
58 57 5086800
57 56 5092200
56 55 5097600
55 54 5103000
54 53 5108400
53 52 5113800
52 51 5119200
51 50 5124600
50 49 5130000
49 48 5135400
48 47 5140800
47 46 5146200
46 45 5151600
45 44 5157000
44 43 5162400
43 42 5167800
42 41 5173200
41 40 5178600
40 39 5184000
39 38 5189400
38 37 5194800
37 36 5200200
36 35 5205600
35 34 5211000
34 33 5216400
33 32 5221800
32 31 5227200
31 30 5232600
30 29 5238000
29 28 5243400
28 27 5248800
27 26 5254200
26 25 5259600
25 24 5265000
24 23 5270400
23 22 5275800
22 21 5281200
21 20 5286600
20 19 5292000
19 18 5297400
18 17 5302800
17 16 5308200
16 15 5313600
15 14 5319000
14 13 5324400
13 12 5329800
12 11 5335200
11 10 5340600
10 9 5346000
9 8 5351400
8 7 5356800
7 6 5362200
6 5 5367600
5 4 5373000
4 3 5378400
3 2 5383800
2 1 5389200
1 0 5394600